{"asset":{"version":"2.0"},"scenes":[{"nodes":[0]}],"nodes":[{"name":"::rootNode::","children":[1,3,5,7,9,11,13,15,17,19,21,23,25,27,29,31,33,35,37,39,41,43,45,47,49,51,53,55,57,59,61,63,65,67,69,71,73,75,77,79,81,83,85,87,89,91,93,95,97,99,101,103,105,107,109,111,113,115,117,119,121,123,125,127,129,131,133,135,137,139,141,143,145,147,149,151,153,155,157,159,161,163,165,167,169,171,173,175,177,179,181,183,185,187,189,191,193,195,197,199,201,203,205,207,209,211,213,215,217,219,221,223,225,227,229,231,233,235,237,239,241,243,245,247,249,251,253,255,257,259,261,263,265,267,269,271,273,275,277,279,281,283,285,287,289,291,293,295,297,299,301,303,305,307,309,311,313,315,317,319,321]},{"name":"FamilyInstance Skelettbau beam_test_01 <311504 49 * 66 mm>","children":[2],"extras":{"UniqueId":"82070d57-7c6f-4ea4-9251-8731cdefdb25-0004c0d0","Properties":{"Element Category":"Skelettbau","Startverlängerung":"0","Endverlängerung":"0","yz-Ausrichtung":"Einheitlich","y-Ausrichtung":"Ursprung","y-Versatzwert":"0","z-Ausrichtung":"Ursprung","z-Versatzwert":"0","Referenzebene":"Level 0","Startebenenversatz":"120","Endebenenversatz":"1985","Querschnittdrehung":"0.00°","Phase erstellt":"New Construction","Phase abgebrochen":"Keine","Schnittlänge":"1899","Tragwerksverwendung":"Sonstige","Berechnungsmodell aktivieren":"Ja","Betonüberdeckung - Obere Fläche":"Rebar Cover 1 <25 mm>","Betonüberdeckung - Untere Fläche":"Rebar Cover 1 <25 mm>","Betonüberdeckung - Andere Flächen":"Rebar Cover 1 <25 mm>","Tragendes Material":"Beams Dome","Länge":"1899","Volumen":"0.01 m³","Höhe oben":"0","Höhe unten":"0","Bild":"<Keine Auswahl>","Type Querschnittsform":"Nicht definiert","Type Depth":"66","Type Width":"49","Type Typenbild":"<Keine Auswahl>","Type Kosten":"0.00","Type OmniClass-Nummer":"23.25.30.11.14.14","Type OmniClass-Titel":"Beams"}}},{"name":"FamilySymbol Skelettbau <311506 49 * 66 mm>","mesh":0,"matrix":[-0.15209243588589216,0.10981269179679655,0.98224694637684551,0.0,-0.58537898352463158,-0.810759795283208,2.7755575615628914E-17,0.0,0.7963663331620473,-0.57498671904025112,0.18759247408508276,0.0,2446.0,-1056.0,1053.0,1.0]},{"name":"FamilyInstance Skelettbau beam_test_01 <311507 49 * 66 mm>","children":[4],"extras":{"UniqueId":"82070d57-7c6f-4ea4-9251-8731cdefdb25-0004c0d3","Properties":{"Element Category":"Skelettbau","Startverlängerung":"0","Endverlängerung":"0","Anfangsfugenkürzung":"-36","Endfugenkürzung":"-69","yz-Ausrichtung":"Einheitlich","y-Ausrichtung":"Ursprung","y-Versatzwert":"0","z-Ausrichtung":"Ursprung","z-Versatzwert":"0","Referenzebene":"Level 0","Startebenenversatz":"120","Endebenenversatz":"1985","Querschnittdrehung":"0.00°","Phase erstellt":"New Construction","Phase abgebrochen":"Keine","Schnittlänge":"1887","Tragwerksverwendung":"Sonstige","Berechnungsmodell aktivieren":"Ja","Betonüberdeckung - Obere Fläche":"Rebar Cover 1 <25 mm>","Betonüberdeckung - Untere Fläche":"Rebar Cover 1 <25 mm>","Betonüberdeckung - Andere Flächen":"Rebar Cover 1 <25 mm>","Tragendes Material":"Beams Dome","Länge":"1899","Volumen":"0.01 m³","Höhe oben":"0","Höhe unten":"0","Bild":"<Keine Auswahl>","Type Querschnittsform":"Nicht definiert","Type Depth":"66","Type Width":"49","Type Typenbild":"<Keine Auswahl>","Type Kosten":"0.00","Type OmniClass-Nummer":"23.25.30.11.14.14","Type OmniClass-Titel":"Beams"}}},{"name":"FamilySymbol Skelettbau <312834 49 * 66 mm>","mesh":1,"matrix":[-0.1517654995516633,0.11026408970828409,0.98224694637684551,0.0,-0.58778525229255063,-0.80901699437489116,-1.3877787807814457E-17,0.0,0.79465447229171049,-0.57735026918970156,0.18759247408508276,0.0,1761.0,-2001.0,1053.0,1.0]},{"name":"FamilyInstance Skelettbau beam_test_01 <311509 49 * 66 mm>","children":[6],"extras":{"UniqueId":"82070d57-7c6f-4ea4-9251-8731cdefdb25-0004c0d5","Properties":{"Element Category":"Skelettbau","Startverlängerung":"0","Endverlängerung":"0","yz-Ausrichtung":"Einheitlich","y-Ausrichtung":"Ursprung","y-Versatzwert":"0","z-Ausrichtung":"Ursprung","z-Versatzwert":"0","Referenzebene":"Level 0","Startebenenversatz":"59","Endebenenversatz":"59","Querschnittdrehung":"0.00°","Phase erstellt":"New Construction","Phase abgebrochen":"Keine","Schnittlänge":"1080","Tragwerksverwendung":"Sonstige","Berechnungsmodell aktivieren":"Ja","Betonüberdeckung - Obere Fläche":"Rebar Cover 1 <25 mm>","Betonüberdeckung - Untere Fläche":"Rebar Cover 1 <25 mm>","Betonüberdeckung - Andere Flächen":"Rebar Cover 1 <25 mm>","Tragendes Material":"Beams Dome","Länge":"1080","Volumen":"0.00 m³","Höhe oben":"92","Höhe unten":"26","Bild":"<Keine Auswahl>","Type Querschnittsform":"Nicht definiert","Type Depth":"66","Type Width":"49","Type Typenbild":"<Keine Auswahl>","Type Kosten":"0.00","Type OmniClass-Nummer":"23.25.30.11.14.14","Type OmniClass-Titel":"Beams"}}},{"name":"FamilySymbol Skelettbau <311511 49 * 66 mm>","mesh":2,"matrix":[0.20269667207364298,0.97924157342826812,3.1342413709818092E-17,0.0,-0.97924157342826812,0.20269667207364298,1.5407439555097887E-33,0.0,-6.3530029537354473E-18,-3.0691794516241986E-17,1.0,0.0,2722.0,-584.0,59.0,1.0]},{"name":"FamilyInstance Skelettbau beam_test_01 <311512 49 * 66 mm>","children":[8],"extras":{"UniqueId":"82070d57-7c6f-4ea4-9251-8731cdefdb25-0004c0d8","Properties":{"Element Category":"Skelettbau","Startverlängerung":"0","Endverlängerung":"0","yz-Ausrichtung":"Einheitlich","y-Ausrichtung":"Ursprung","y-Versatzwert":"0","z-Ausrichtung":"Ursprung","z-Versatzwert":"0","Referenzebene":"Level 0","Startebenenversatz":"59","Endebenenversatz":"59","Querschnittdrehung":"0.00°","Phase erstellt":"New Construction","Phase abgebrochen":"Keine","Schnittlänge":"1080","Tragwerksverwendung":"Sonstige","Berechnungsmodell aktivieren":"Ja","Betonüberdeckung - Obere Fläche":"Rebar Cover 1 <25 mm>","Betonüberdeckung - Untere Fläche":"Rebar Cover 1 <25 mm>","Betonüberdeckung - Andere Flächen":"Rebar Cover 1 <25 mm>","Tragendes Material":"Beams Dome","Länge":"1080","Volumen":"0.00 m³","Höhe oben":"92","Höhe unten":"26","Bild":"<Keine Auswahl>","Type Querschnittsform":"Nicht definiert","Type Depth":"66","Type Width":"49","Type Typenbild":"<Keine Auswahl>","Type Kosten":"0.00","Type OmniClass-Nummer":"23.25.30.11.14.14","Type OmniClass-Titel":"Beams"}}},{"name":"FamilySymbol Skelettbau <311511 49 * 66 mm>","mesh":2,"matrix":[-0.20269667207366454,0.97924157342826357,-7.8356034274549113E-18,0.0,-0.97924157342826357,-0.20269667207366454,-3.8518598887744717E-34,0.0,-1.5882507384341103E-18,7.6729486290608416E-18,1.0,0.0,2722.0,584.0,59.0,1.0]},{"name":"FamilyInstance Skelettbau beam_test_01 <311514 49 * 66 mm>","children":[10],"extras":{"UniqueId":"82070d57-7c6f-4ea4-9251-8731cdefdb25-0004c0da","Properties":{"Element Category":"Skelettbau","Startverlängerung":"0","Endverlängerung":"0","yz-Ausrichtung":"Einheitlich","y-Ausrichtung":"Ursprung","y-Versatzwert":"0","z-Ausrichtung":"Ursprung","z-Versatzwert":"0","Referenzebene":"Level 0","Startebenenversatz":"108","Endebenenversatz":"1004","Querschnittdrehung":"0.00°","Phase erstellt":"New Construction","Phase abgebrochen":"Keine","Schnittlänge":"1041","Tragwerksverwendung":"Sonstige","Berechnungsmodell aktivieren":"Ja","Betonüberdeckung - Obere Fläche":"Rebar Cover 1 <25 mm>","Betonüberdeckung - Untere Fläche":"Rebar Cover 1 <25 mm>","Betonüberdeckung - Andere Flächen":"Rebar Cover 1 <25 mm>","Tragendes Material":"Beams Dome","Länge":"1041","Volumen":"0.00 m³","Höhe oben":"0","Höhe unten":"0","Bild":"<Keine Auswahl>","Type Querschnittsform":"Nicht definiert","Type Depth":"66","Type Width":"49","Type Typenbild":"<Keine Auswahl>","Type Kosten":"0.00","Type OmniClass-Nummer":"23.25.30.11.14.14","Type OmniClass-Titel":"Beams"}}},{"name":"FamilySymbol Skelettbau <311516 49 * 66 mm>","mesh":3,"matrix":[-0.045087374103732973,-0.50621653161988689,0.86122700364721627,0.0,0.99605694670153344,-0.088716170609529271,0.0,0.0,0.0764047617891001,0.85783113966975644,0.5082204720284671,0.0,2817.0,-292.0,556.0,1.0]},{"name":"FamilyInstance Skelettbau beam_test_01 <311517 49 * 66 mm>","children":[12],"extras":{"UniqueId":"82070d57-7c6f-4ea4-9251-8731cdefdb25-0004c0dd","Properties":{"Element Category":"Skelettbau","Startverlängerung":"0","Endverlängerung":"0","yz-Ausrichtung":"Einheitlich","y-Ausrichtung":"Ursprung","y-Versatzwert":"0","z-Ausrichtung":"Ursprung","z-Versatzwert":"0","Referenzebene":"Level 0","Startebenenversatz":"108","Endebenenversatz":"1004","Querschnittdrehung":"0.00°","Phase erstellt":"New Construction","Phase abgebrochen":"Keine","Schnittlänge":"1041","Tragwerksverwendung":"Sonstige","Berechnungsmodell aktivieren":"Ja","Betonüberdeckung - Obere Fläche":"Rebar Cover 1 <25 mm>","Betonüberdeckung - Untere Fläche":"Rebar Cover 1 <25 mm>","Betonüberdeckung - Andere Flächen":"Rebar Cover 1 <25 mm>","Tragendes Material":"Beams Dome","Länge":"1041","Volumen":"0.00 m³","Höhe oben":"0","Höhe unten":"0","Bild":"<Keine Auswahl>","Type Querschnittsform":"Nicht definiert","Type Depth":"66","Type Width":"49","Type Typenbild":"<Keine Auswahl>","Type Kosten":"0.00","Type OmniClass-Nummer":"23.25.30.11.14.14","Type OmniClass-Titel":"Beams"}}},{"name":"FamilySymbol Skelettbau <311516 49 * 66 mm>","mesh":3,"matrix":[-0.045087374103731419,0.50621653161988689,0.86122700364721616,0.0,-0.99605694670153344,-0.0887161706095262,0.0,0.0,0.076404761789097483,-0.85783113966975666,0.5082204720284671,0.0,2817.0,292.0,556.0,1.0]},{"name":"FamilyInstance Skelettbau beam_test_01 <311519 49 * 66 mm>","children":[14],"extras":{"UniqueId":"82070d57-7c6f-4ea4-9251-8731cdefdb25-0004c0df","Properties":{"Element Category":"Skelettbau","Startverlängerung":"0","Endverlängerung":"0","yz-Ausrichtung":"Einheitlich","y-Ausrichtung":"Ursprung","y-Versatzwert":"0","z-Ausrichtung":"Ursprung","z-Versatzwert":"0","Referenzebene":"Level 0","Startebenenversatz":"1053","Endebenenversatz":"1053","Querschnittdrehung":"0.00°","Phase erstellt":"New Construction","Phase abgebrochen":"Keine","Schnittlänge":"1055","Tragwerksverwendung":"Sonstige","Berechnungsmodell aktivieren":"Ja","Betonüberdeckung - Obere Fläche":"Rebar Cover 1 <25 mm>","Betonüberdeckung - Untere Fläche":"Rebar Cover 1 <25 mm>","Betonüberdeckung - Andere Flächen":"Rebar Cover 1 <25 mm>","Tragendes Material":"Beams Dome","Länge":"1055","Volumen":"0.00 m³","Höhe oben":"1086","Höhe unten":"1020","Bild":"<Keine Auswahl>","Type Querschnittsform":"Nicht definiert","Type Depth":"66","Type Width":"49","Type Typenbild":"<Keine Auswahl>","Type Kosten":"0.00","Type OmniClass-Nummer":"23.25.30.11.14.14","Type OmniClass-Titel":"Beams"}}},{"name":"FamilySymbol Skelettbau <311521 49 * 66 mm>","mesh":4,"matrix":[0.0,1.0,-3.8482223912203735E-16,0.0,-1.0,0.0,0.0,0.0,0.0,3.8482223912203735E-16,1.0,0.0,2791.0,0.0,1053.0,1.0]},{"name":"FamilyInstance Skelettbau beam_test_01 <311522 49 * 66 mm>","children":[16],"extras":{"UniqueId":"82070d57-7c6f-4ea4-9251-8731cdefdb25-0004c0e2","Properties":{"Element Category":"Skelettbau","Startverlängerung":"0","Endverlängerung":"0","yz-Ausrichtung":"Einheitlich","y-Ausrichtung":"Ursprung","y-Versatzwert":"0","z-Ausrichtung":"Ursprung","z-Versatzwert":"0","Referenzebene":"Level 0","Startebenenversatz":"59","Endebenenversatz":"59","Querschnittdrehung":"0.00°","Phase erstellt":"New Construction","Phase abgebrochen":"Keine","Schnittlänge":"1080","Tragwerksverwendung":"Sonstige","Berechnungsmodell aktivieren":"Ja","Betonüberdeckung - Obere Fläche":"Rebar Cover 1 <25 mm>","Betonüberdeckung - Untere Fläche":"Rebar Cover 1 <25 mm>","Betonüberdeckung - Andere Flächen":"Rebar Cover 1 <25 mm>","Tragendes Material":"Beams Dome","Länge":"1080","Volumen":"0.00 m³","Höhe oben":"92","Höhe unten":"26","Bild":"<Keine Auswahl>","Type Querschnittsform":"Nicht definiert","Type Depth":"66","Type Width":"49","Type Typenbild":"<Keine Auswahl>","Type Kosten":"0.00","Type OmniClass-Nummer":"23.25.30.11.14.14","Type OmniClass-Titel":"Beams"}}},{"name":"FamilySymbol Skelettbau <311511 49 * 66 mm>","mesh":2,"matrix":[0.99395079581007673,0.10982629698080128,3.9178017137274147E-17,0.0,-0.10982629698080128,0.99395079581007673,0.0,0.0,-3.8941021311854459E-17,-4.3027765452371923E-18,1.0,0.0,286.0,-2769.0,59.0,1.0]},{"name":"FamilyInstance Skelettbau beam_test_01 <311524 49 * 66 mm>","children":[18],"extras":{"UniqueId":"82070d57-7c6f-4ea4-9251-8731cdefdb25-0004c0e4","Properties":{"Element Category":"Skelettbau","Startverlängerung":"0","Endverlängerung":"0","yz-Ausrichtung":"Einheitlich","y-Ausrichtung":"Ursprung","y-Versatzwert":"0","z-Ausrichtung":"Ursprung","z-Versatzwert":"0","Referenzebene":"Level 0","Startebenenversatz":"59","Endebenenversatz":"59","Querschnittdrehung":"0.00°","Phase erstellt":"New Construction","Phase abgebrochen":"Keine","Schnittlänge":"1080","Tragwerksverwendung":"Sonstige","Berechnungsmodell aktivieren":"Ja","Betonüberdeckung - Obere Fläche":"Rebar Cover 1 <25 mm>","Betonüberdeckung - Untere Fläche":"Rebar Cover 1 <25 mm>","Betonüberdeckung - Andere Flächen":"Rebar Cover 1 <25 mm>","Tragendes Material":"Beams Dome","Länge":"1080","Volumen":"0.00 m³","Höhe oben":"92","Höhe unten":"26","Bild":"<Keine Auswahl>","Type Querschnittsform":"Nicht definiert","Type Depth":"66","Type Width":"49","Type Typenbild":"<Keine Auswahl>","Type Kosten":"0.00","Type OmniClass-Nummer":"23.25.30.11.14.14","Type OmniClass-Titel":"Beams"}}},{"name":"FamilySymbol Skelettbau <311511 49 * 66 mm>","mesh":2,"matrix":[0.86867736306205146,0.49537827859481393,-1.5671206854909342E-17,0.0,-0.49537827859481393,0.86867736306205146,-7.7037197775489434E-34,0.0,1.3613222646722589E-17,7.7631754752882365E-18,1.0,0.0,1397.0,-2408.0,59.0,1.0]},{"name":"FamilyInstance Skelettbau beam_test_01 <311526 49 * 66 mm>","children":[20],"extras":{"UniqueId":"82070d57-7c6f-4ea4-9251-8731cdefdb25-0004c0e6","Properties":{"Element Category":"Skelettbau","Startverlängerung":"0","Endverlängerung":"0","yz-Ausrichtung":"Einheitlich","y-Ausrichtung":"Ursprung","y-Versatzwert":"0","z-Ausrichtung":"Ursprung","z-Versatzwert":"0","Referenzebene":"Level 0","Startebenenversatz":"108","Endebenenversatz":"1004","Querschnittdrehung":"0.00°","Phase erstellt":"New Construction","Phase abgebrochen":"Keine","Schnittlänge":"1041","Tragwerksverwendung":"Sonstige","Berechnungsmodell aktivieren":"Ja","Betonüberdeckung - Obere Fläche":"Rebar Cover 1 <25 mm>","Betonüberdeckung - Untere Fläche":"Rebar Cover 1 <25 mm>","Betonüberdeckung - Andere Flächen":"Rebar Cover 1 <25 mm>","Tragendes Material":"Beams Dome","Länge":"1041","Volumen":"0.00 m³","Höhe oben":"0","Höhe unten":"0","Bild":"<Keine Auswahl>","Type Querschnittsform":"Nicht definiert","Type Depth":"66","Type Width":"49","Type Typenbild":"<Keine Auswahl>","Type Kosten":"0.00","Type OmniClass-Nummer":"23.25.30.11.14.14","Type OmniClass-Titel":"Beams"}}},{"name":"FamilySymbol Skelettbau <311516 49 * 66 mm>","mesh":3,"matrix":[-0.49537329588320556,-0.11354887016010191,0.86122700364722327,0.0,0.22342443173706783,-0.97472125415575528,0.0,0.0,0.83945626510782467,0.1924191538864985,0.50822047202845511,0.0,593.0,-2769.0,556.0,1.0]},{"name":"FamilyInstance Skelettbau beam_test_01 <311528 49 * 66 mm>","children":[22],"extras":{"UniqueId":"82070d57-7c6f-4ea4-9251-8731cdefdb25-0004c0e8","Properties":{"Element Category":"Skelettbau","Startverlängerung":"0","Endverlängerung":"0","yz-Ausrichtung":"Einheitlich","y-Ausrichtung":"Ursprung","y-Versatzwert":"0","z-Ausrichtung":"Ursprung","z-Versatzwert":"0","Referenzebene":"Level 0","Startebenenversatz":"108","Endebenenversatz":"1004","Querschnittdrehung":"0.00°","Phase erstellt":"New Construction","Phase abgebrochen":"Keine","Schnittlänge":"1041","Tragwerksverwendung":"Sonstige","Berechnungsmodell aktivieren":"Ja","Betonüberdeckung - Obere Fläche":"Rebar Cover 1 <25 mm>","Betonüberdeckung - Untere Fläche":"Rebar Cover 1 <25 mm>","Betonüberdeckung - Andere Flächen":"Rebar Cover 1 <25 mm>","Tragendes Material":"Beams Dome","Länge":"1041","Volumen":"0.00 m³","Höhe oben":"0","Höhe unten":"0","Bild":"<Keine Auswahl>","Type Querschnittsform":"Nicht definiert","Type Depth":"66","Type Width":"49","Type Typenbild":"<Keine Auswahl>","Type Kosten":"0.00","Type OmniClass-Nummer":"23.25.30.11.14.14","Type OmniClass-Titel":"Beams"}}},{"name":"FamilySymbol Skelettbau <311516 49 * 66 mm>","mesh":3,"matrix":[0.46750776622358442,0.19931015204808591,0.86122700364724,0.0,-0.392172616054982,0.91989164536731816,-2.7755575615628914E-17,0.0,-0.792235525419825,-0.33774964703753169,0.50822047202842668,0.0,1148.0,-2589.0,556.0,1.0]},{"name":"FamilyInstance Skelettbau beam_test_01 <311530 49 * 66 mm>","children":[24],"extras":{"UniqueId":"82070d57-7c6f-4ea4-9251-8731cdefdb25-0004c0ea","Properties":{"Element Category":"Skelettbau","Startverlängerung":"0","Endverlängerung":"0","yz-Ausrichtung":"Einheitlich","y-Ausrichtung":"Ursprung","y-Versatzwert":"0","z-Ausrichtung":"Ursprung","z-Versatzwert":"0","Referenzebene":"Level 0","Startebenenversatz":"1053","Endebenenversatz":"1053","Querschnittdrehung":"0.00°","Phase erstellt":"New Construction","Phase abgebrochen":"Keine","Schnittlänge":"1055","Tragwerksverwendung":"Sonstige","Berechnungsmodell aktivieren":"Ja","Betonüberdeckung - Obere Fläche":"Rebar Cover 1 <25 mm>","Betonüberdeckung - Untere Fläche":"Rebar Cover 1 <25 mm>","Betonüberdeckung - Andere Flächen":"Rebar Cover 1 <25 mm>","Tragendes Material":"Beams Dome","Länge":"1055","Volumen":"0.00 m³","Höhe oben":"1086","Höhe unten":"1020","Bild":"<Keine Auswahl>","Type Querschnittsform":"Nicht definiert","Type Depth":"66","Type Width":"49","Type Typenbild":"<Keine Auswahl>","Type Kosten":"0.00","Type OmniClass-Nummer":"23.25.30.11.14.14","Type OmniClass-Titel":"Beams"}}},{"name":"FamilySymbol Skelettbau <311521 49 * 66 mm>","mesh":4,"matrix":[0.95105651629513988,0.30901699437498975,-3.8482223912201384E-16,0.0,-0.30901699437498975,0.95105651629513988,0.0,0.0,3.6598769813227776E-16,1.189166117021383E-16,1.0,0.0,863.0,-2654.0,1053.0,1.0]},{"name":"FamilyInstance Skelettbau beam_test_01 <311532 49 * 66 mm>","children":[26],"extras":{"UniqueId":"82070d57-7c6f-4ea4-9251-8731cdefdb25-0004c0ec","Properties":{"Element Category":"Skelettbau","Startverlängerung":"0","Endverlängerung":"0","yz-Ausrichtung":"Einheitlich","y-Ausrichtung":"Ursprung","y-Versatzwert":"0","z-Ausrichtung":"Ursprung","z-Versatzwert":"0","Referenzebene":"Level 0","Startebenenversatz":"59","Endebenenversatz":"59","Querschnittdrehung":"0.00°","Phase erstellt":"New Construction","Phase abgebrochen":"Keine","Schnittlänge":"1080","Tragwerksverwendung":"Sonstige","Berechnungsmodell aktivieren":"Ja","Betonüberdeckung - Obere Fläche":"Rebar Cover 1 <25 mm>","Betonüberdeckung - Untere Fläche":"Rebar Cover 1 <25 mm>","Betonüberdeckung - Andere Flächen":"Rebar Cover 1 <25 mm>","Tragendes Material":"Beams Dome","Länge":"1080","Volumen":"0.00 m³","Höhe oben":"92","Höhe unten":"26","Bild":"<Keine Auswahl>","Type Querschnittsform":"Nicht definiert","Type Depth":"66","Type Width":"49","Type Typenbild":"<Keine Auswahl>","Type Kosten":"0.00","Type OmniClass-Nummer":"23.25.30.11.14.14","Type OmniClass-Titel":"Beams"}}},{"name":"FamilySymbol Skelettbau <311511 49 * 66 mm>","mesh":2,"matrix":[0.41159870288194128,-0.91136518903560471,-3.9178017137275527E-17,0.0,0.91136518903560471,0.41159870288194128,0.0,0.0,1.6125621035189073E-17,-3.5705480994353272E-17,1.0,0.0,-2545.0,-1127.0,59.0,1.0]},{"name":"FamilyInstance Skelettbau beam_test_01 <311534 49 * 66 mm>","children":[28],"extras":{"UniqueId":"82070d57-7c6f-4ea4-9251-8731cdefdb25-0004c0ee","Properties":{"Element Category":"Skelettbau","Startverlängerung":"0","Endverlängerung":"0","yz-Ausrichtung":"Einheitlich","y-Ausrichtung":"Ursprung","y-Versatzwert":"0","z-Ausrichtung":"Ursprung","z-Versatzwert":"0","Referenzebene":"Level 0","Startebenenversatz":"59","Endebenenversatz":"59","Querschnittdrehung":"0.00°","Phase erstellt":"New Construction","Phase abgebrochen":"Keine","Schnittlänge":"1080","Tragwerksverwendung":"Sonstige","Berechnungsmodell aktivieren":"Ja","Betonüberdeckung - Obere Fläche":"Rebar Cover 1 <25 mm>","Betonüberdeckung - Untere Fläche":"Rebar Cover 1 <25 mm>","Betonüberdeckung - Andere Flächen":"Rebar Cover 1 <25 mm>","Tragendes Material":"Beams Dome","Länge":"1080","Volumen":"0.00 m³","Höhe oben":"92","Höhe unten":"26","Bild":"<Keine Auswahl>","Type Querschnittsform":"Nicht definiert","Type Depth":"66","Type Width":"49","Type Typenbild":"<Keine Auswahl>","Type Kosten":"0.00","Type OmniClass-Nummer":"23.25.30.11.14.14","Type OmniClass-Titel":"Beams"}}},{"name":"FamilySymbol Skelettbau <311511 49 * 66 mm>","mesh":2,"matrix":[0.73956880770369315,-0.67308095996821782,-7.05204308470897E-17,0.0,0.67308095996821782,0.73956880770369315,6.1629758220391547E-33,0.0,5.2154710960332885E-17,-4.7465959291931478E-17,1.0,0.0,-1858.0,-2072.0,59.0,1.0]},{"name":"FamilyInstance Skelettbau beam_test_01 <311536 49 * 66 mm>","children":[30],"extras":{"UniqueId":"82070d57-7c6f-4ea4-9251-8731cdefdb25-0004c0f0","Properties":{"Element Category":"Skelettbau","Startverlängerung":"0","Endverlängerung":"0","yz-Ausrichtung":"Einheitlich","y-Ausrichtung":"Ursprung","y-Versatzwert":"0","z-Ausrichtung":"Ursprung","z-Versatzwert":"0","Referenzebene":"Level 0","Startebenenversatz":"108","Endebenenversatz":"1004","Querschnittdrehung":"0.00°","Phase erstellt":"New Construction","Phase abgebrochen":"Keine","Schnittlänge":"1041","Tragwerksverwendung":"Sonstige","Berechnungsmodell aktivieren":"Ja","Betonüberdeckung - Obere Fläche":"Rebar Cover 1 <25 mm>","Betonüberdeckung - Untere Fläche":"Rebar Cover 1 <25 mm>","Betonüberdeckung - Andere Flächen":"Rebar Cover 1 <25 mm>","Tragendes Material":"Beams Dome","Länge":"1041","Volumen":"0.00 m³","Höhe oben":"0","Höhe unten":"0","Bild":"<Keine Auswahl>","Type Querschnittsform":"Nicht definiert","Type Depth":"66","Type Width":"49","Type Typenbild":"<Keine Auswahl>","Type Kosten":"0.00","Type OmniClass-Nummer":"23.25.30.11.14.14","Type OmniClass-Titel":"Beams"}}},{"name":"FamilySymbol Skelettbau <311516 49 * 66 mm>","mesh":3,"matrix":[-0.2610701598711333,0.43603947047681252,0.86122700364721616,0.0,-0.85797305397093171,-0.51369469401561185,0.0,0.0,0.44240774211653883,-0.73890956248143669,0.50822047202846732,0.0,-2450.0,-1419.0,556.0,1.0]},{"name":"FamilyInstance Skelettbau beam_test_01 <311538 49 * 66 mm>","children":[32],"extras":{"UniqueId":"82070d57-7c6f-4ea4-9251-8731cdefdb25-0004c0f2","Properties":{"Element Category":"Skelettbau","Startverlängerung":"0","Endverlängerung":"0","yz-Ausrichtung":"Einheitlich","y-Ausrichtung":"Ursprung","y-Versatzwert":"0","z-Ausrichtung":"Ursprung","z-Versatzwert":"0","Referenzebene":"Level 0","Startebenenversatz":"108","Endebenenversatz":"1004","Querschnittdrehung":"0.00°","Phase erstellt":"New Construction","Phase abgebrochen":"Keine","Schnittlänge":"1041","Tragwerksverwendung":"Sonstige","Berechnungsmodell aktivieren":"Ja","Betonüberdeckung - Obere Fläche":"Rebar Cover 1 <25 mm>","Betonüberdeckung - Untere Fläche":"Rebar Cover 1 <25 mm>","Betonüberdeckung - Andere Flächen":"Rebar Cover 1 <25 mm>","Tragendes Material":"Beams Dome","Länge":"1041","Volumen":"0.00 m³","Höhe oben":"0","Höhe unten":"0","Bild":"<Keine Auswahl>","Type Querschnittsform":"Nicht definiert","Type Depth":"66","Type Width":"49","Type Typenbild":"<Keine Auswahl>","Type Kosten":"0.00","Type OmniClass-Nummer":"23.25.30.11.14.14","Type OmniClass-Titel":"Beams"}}},{"name":"FamilySymbol Skelettbau <311516 49 * 66 mm>","mesh":3,"matrix":[0.33402306363450807,-0.38303608335119887,0.86122700364723281,0.0,0.75368094052253187,0.65724047341370562,0.0,0.0,-0.56603324359377449,0.64909037811224846,0.5082204720284389,0.0,-2107.0,-1892.0,556.0,1.0]},{"name":"FamilyInstance Skelettbau beam_test_01 <311540 49 * 66 mm>","children":[34],"extras":{"UniqueId":"82070d57-7c6f-4ea4-9251-8731cdefdb25-0004c0f4","Properties":{"Element Category":"Skelettbau","Startverlängerung":"0","Endverlängerung":"0","yz-Ausrichtung":"Einheitlich","y-Ausrichtung":"Ursprung","y-Versatzwert":"0","z-Ausrichtung":"Ursprung","z-Versatzwert":"0","Referenzebene":"Level 0","Startebenenversatz":"1053","Endebenenversatz":"1053","Querschnittdrehung":"0.00°","Phase erstellt":"New Construction","Phase abgebrochen":"Keine","Schnittlänge":"1055","Tragwerksverwendung":"Sonstige","Berechnungsmodell aktivieren":"Ja","Betonüberdeckung - Obere Fläche":"Rebar Cover 1 <25 mm>","Betonüberdeckung - Untere Fläche":"Rebar Cover 1 <25 mm>","Betonüberdeckung - Andere Flächen":"Rebar Cover 1 <25 mm>","Tragendes Material":"Beams Dome","Länge":"1055","Volumen":"0.00 m³","Höhe oben":"1086","Höhe unten":"1020","Bild":"<Keine Auswahl>","Type Querschnittsform":"Nicht definiert","Type Depth":"66","Type Width":"49","Type Typenbild":"<Keine Auswahl>","Type Kosten":"0.00","Type OmniClass-Nummer":"23.25.30.11.14.14","Type OmniClass-Titel":"Beams"}}},{"name":"FamilySymbol Skelettbau <311521 49 * 66 mm>","mesh":4,"matrix":[0.58778525229245548,-0.80901699437496033,-1.2827407970735281E-16,0.0,0.80901699437496033,0.58778525229245548,-2.4651903288156619E-32,0.0,7.5397612303368914E-17,-1.0377591042105662E-16,1.0,0.0,-2257.0,-1640.0,1053.0,1.0]},{"name":"FamilyInstance Skelettbau beam_test_01 <311542 49 * 66 mm>","children":[36],"extras":{"UniqueId":"82070d57-7c6f-4ea4-9251-8731cdefdb25-0004c0f6","Properties":{"Element Category":"Skelettbau","Startverlängerung":"0","Endverlängerung":"0","yz-Ausrichtung":"Einheitlich","y-Ausrichtung":"Ursprung","y-Versatzwert":"0","z-Ausrichtung":"Ursprung","z-Versatzwert":"0","Referenzebene":"Level 0","Startebenenversatz":"59","Endebenenversatz":"59","Querschnittdrehung":"0.00°","Phase erstellt":"New Construction","Phase abgebrochen":"Keine","Schnittlänge":"1080","Tragwerksverwendung":"Sonstige","Berechnungsmodell aktivieren":"Ja","Betonüberdeckung - Obere Fläche":"Rebar Cover 1 <25 mm>","Betonüberdeckung - Untere Fläche":"Rebar Cover 1 <25 mm>","Betonüberdeckung - Andere Flächen":"Rebar Cover 1 <25 mm>","Tragendes Material":"Beams Dome","Länge":"1080","Volumen":"0.00 m³","Höhe oben":"92","Höhe unten":"26","Bild":"<Keine Auswahl>","Type Querschnittsform":"Nicht definiert","Type Depth":"66","Type Width":"49","Type Typenbild":"<Keine Auswahl>","Type Kosten":"0.00","Type OmniClass-Nummer":"23.25.30.11.14.14","Type OmniClass-Titel":"Beams"}}},{"name":"FamilySymbol Skelettbau <311511 49 * 66 mm>","mesh":2,"matrix":[-0.73956880770366784,-0.67308095996824568,3.1342413709818912E-17,0.0,0.67308095996824568,-0.73956880770366784,3.0814879110195774E-33,0.0,2.3179871537925861E-17,2.1095981907526821E-17,1.0,0.0,-1858.0,2072.0,59.0,1.0]},{"name":"FamilyInstance Skelettbau beam_test_01 <311544 49 * 66 mm>","children":[38],"extras":{"UniqueId":"82070d57-7c6f-4ea4-9251-8731cdefdb25-0004c0f8","Properties":{"Element Category":"Skelettbau","Startverlängerung":"0","Endverlängerung":"0","yz-Ausrichtung":"Einheitlich","y-Ausrichtung":"Ursprung","y-Versatzwert":"0","z-Ausrichtung":"Ursprung","z-Versatzwert":"0","Referenzebene":"Level 0","Startebenenversatz":"59","Endebenenversatz":"59","Querschnittdrehung":"0.00°","Phase erstellt":"New Construction","Phase abgebrochen":"Keine","Schnittlänge":"1080","Tragwerksverwendung":"Sonstige","Berechnungsmodell aktivieren":"Ja","Betonüberdeckung - Obere Fläche":"Rebar Cover 1 <25 mm>","Betonüberdeckung - Untere Fläche":"Rebar Cover 1 <25 mm>","Betonüberdeckung - Andere Flächen":"Rebar Cover 1 <25 mm>","Tragendes Material":"Beams Dome","Länge":"1080","Volumen":"0.00 m³","Höhe oben":"92","Höhe unten":"26","Bild":"<Keine Auswahl>","Type Querschnittsform":"Nicht definiert","Type Depth":"66","Type Width":"49","Type Typenbild":"<Keine Auswahl>","Type Kosten":"0.00","Type OmniClass-Nummer":"23.25.30.11.14.14","Type OmniClass-Titel":"Beams"}}},{"name":"FamilySymbol Skelettbau <311511 49 * 66 mm>","mesh":2,"matrix":[-0.411598702881975,-0.9113651890355895,-3.1342413709819E-17,0.0,0.9113651890355895,-0.411598702881975,0.0,0.0,-1.2900496828151729E-17,-2.8564384795480841E-17,1.0,0.0,-2545.0,1128.0,59.0,1.0]},{"name":"FamilyInstance Skelettbau beam_test_01 <311546 49 * 66 mm>","children":[40],"extras":{"UniqueId":"82070d57-7c6f-4ea4-9251-8731cdefdb25-0004c0fa","Properties":{"Element Category":"Skelettbau","Startverlängerung":"0","Endverlängerung":"0","yz-Ausrichtung":"Einheitlich","y-Ausrichtung":"Ursprung","y-Versatzwert":"0","z-Ausrichtung":"Ursprung","z-Versatzwert":"0","Referenzebene":"Level 0","Startebenenversatz":"108","Endebenenversatz":"1004","Querschnittdrehung":"0.00°","Phase erstellt":"New Construction","Phase abgebrochen":"Keine","Schnittlänge":"1041","Tragwerksverwendung":"Sonstige","Berechnungsmodell aktivieren":"Ja","Betonüberdeckung - Obere Fläche":"Rebar Cover 1 <25 mm>","Betonüberdeckung - Untere Fläche":"Rebar Cover 1 <25 mm>","Betonüberdeckung - Andere Flächen":"Rebar Cover 1 <25 mm>","Tragendes Material":"Beams Dome","Länge":"1041","Volumen":"0.00 m³","Höhe oben":"0","Höhe unten":"0","Bild":"<Keine Auswahl>","Type Querschnittsform":"Nicht definiert","Type Depth":"66","Type Width":"49","Type Typenbild":"<Keine Auswahl>","Type Kosten":"0.00","Type OmniClass-Nummer":"23.25.30.11.14.14","Type OmniClass-Titel":"Beams"}}},{"name":"FamilySymbol Skelettbau <311516 49 * 66 mm>","mesh":3,"matrix":[0.3340230636344742,0.3830360833512545,0.86122700364722127,0.0,-0.753680940522612,0.65724047341361358,-2.7755575615628914E-17,0.0,-0.56603324359368756,-0.64909037811230874,0.50822047202845855,0.0,-2107.0,1892.0,556.0,1.0]},{"name":"FamilyInstance Skelettbau beam_test_01 <311548 49 * 66 mm>","children":[42],"extras":{"UniqueId":"82070d57-7c6f-4ea4-9251-8731cdefdb25-0004c0fc","Properties":{"Element Category":"Skelettbau","Startverlängerung":"0","Endverlängerung":"0","yz-Ausrichtung":"Einheitlich","y-Ausrichtung":"Ursprung","y-Versatzwert":"0","z-Ausrichtung":"Ursprung","z-Versatzwert":"0","Referenzebene":"Level 0","Startebenenversatz":"108","Endebenenversatz":"1004","Querschnittdrehung":"0.00°","Phase erstellt":"New Construction","Phase abgebrochen":"Keine","Schnittlänge":"1041","Tragwerksverwendung":"Sonstige","Berechnungsmodell aktivieren":"Ja","Betonüberdeckung - Obere Fläche":"Rebar Cover 1 <25 mm>","Betonüberdeckung - Untere Fläche":"Rebar Cover 1 <25 mm>","Betonüberdeckung - Andere Flächen":"Rebar Cover 1 <25 mm>","Tragendes Material":"Beams Dome","Länge":"1041","Volumen":"0.00 m³","Höhe oben":"0","Höhe unten":"0","Bild":"<Keine Auswahl>","Type Querschnittsform":"Nicht definiert","Type Depth":"66","Type Width":"49","Type Typenbild":"<Keine Auswahl>","Type Kosten":"0.00","Type OmniClass-Nummer":"23.25.30.11.14.14","Type OmniClass-Titel":"Beams"}}},{"name":"FamilySymbol Skelettbau <311516 49 * 66 mm>","mesh":3,"matrix":[-0.2610701598711247,-0.43603947047682362,0.861227003647213,0.0,0.85797305397094481,-0.51369469401558965,2.7755575615628914E-17,0.0,0.44240774211651818,0.73890956248144535,0.50822047202847243,0.0,-2450.0,1419.0,556.0,1.0]},{"name":"FamilyInstance Skelettbau beam_test_01 <311550 49 * 66 mm>","children":[44],"extras":{"UniqueId":"82070d57-7c6f-4ea4-9251-8731cdefdb25-0004c0fe","Properties":{"Element Category":"Skelettbau","Startverlängerung":"0","Endverlängerung":"0","yz-Ausrichtung":"Einheitlich","y-Ausrichtung":"Ursprung","y-Versatzwert":"0","z-Ausrichtung":"Ursprung","z-Versatzwert":"0","Referenzebene":"Level 0","Startebenenversatz":"1053","Endebenenversatz":"1053","Querschnittdrehung":"0.00°","Phase erstellt":"New Construction","Phase abgebrochen":"Keine","Schnittlänge":"1055","Tragwerksverwendung":"Sonstige","Berechnungsmodell aktivieren":"Ja","Betonüberdeckung - Obere Fläche":"Rebar Cover 1 <25 mm>","Betonüberdeckung - Untere Fläche":"Rebar Cover 1 <25 mm>","Betonüberdeckung - Andere Flächen":"Rebar Cover 1 <25 mm>","Tragendes Material":"Beams Dome","Länge":"1055","Volumen":"0.00 m³","Höhe oben":"1086","Höhe unten":"1020","Bild":"<Keine Auswahl>","Type Querschnittsform":"Nicht definiert","Type Depth":"66","Type Width":"49","Type Typenbild":"<Keine Auswahl>","Type Kosten":"0.00","Type OmniClass-Nummer":"23.25.30.11.14.14","Type OmniClass-Titel":"Beams"}}},{"name":"FamilySymbol Skelettbau <311521 49 * 66 mm>","mesh":4,"matrix":[-0.58778525229245293,-0.80901699437496211,6.413703985367024E-16,0.0,0.80901699437496211,-0.58778525229245293,-9.8607613152626476E-32,0.0,3.7698806151680675E-16,5.1887955210523452E-16,1.0,0.0,-2257.0,1640.0,1053.0,1.0]},{"name":"FamilyInstance Skelettbau beam_test_01 <311552 49 * 66 mm>","children":[46],"extras":{"UniqueId":"82070d57-7c6f-4ea4-9251-8731cdefdb25-0004c100","Properties":{"Element Category":"Skelettbau","Startverlängerung":"0","Endverlängerung":"0","yz-Ausrichtung":"Einheitlich","y-Ausrichtung":"Ursprung","y-Versatzwert":"0","z-Ausrichtung":"Ursprung","z-Versatzwert":"0","Referenzebene":"Level 0","Startebenenversatz":"59","Endebenenversatz":"59","Querschnittdrehung":"0.00°","Phase erstellt":"New Construction","Phase abgebrochen":"Keine","Schnittlänge":"1080","Tragwerksverwendung":"Sonstige","Berechnungsmodell aktivieren":"Ja","Betonüberdeckung - Obere Fläche":"Rebar Cover 1 <25 mm>","Betonüberdeckung - Untere Fläche":"Rebar Cover 1 <25 mm>","Betonüberdeckung - Andere Flächen":"Rebar Cover 1 <25 mm>","Tragendes Material":"Beams Dome","Länge":"1080","Volumen":"0.00 m³","Höhe oben":"92","Höhe unten":"26","Bild":"<Keine Auswahl>","Type Querschnittsform":"Nicht definiert","Type Depth":"66","Type Width":"49","Type Typenbild":"<Keine Auswahl>","Type Kosten":"0.00","Type OmniClass-Nummer":"23.25.30.11.14.14","Type OmniClass-Titel":"Beams"}}},{"name":"FamilySymbol Skelettbau <311511 49 * 66 mm>","mesh":2,"matrix":[-0.86867736306208088,0.49537827859476219,-2.0372568911382778E-15,0.0,-0.49537827859476219,-0.86867736306208088,0.0,0.0,-1.7697189440740515E-15,1.0092128117873967E-15,1.0,0.0,1397.0,2408.0,59.0,1.0]},{"name":"FamilyInstance Skelettbau beam_test_01 <311554 49 * 66 mm>","children":[48],"extras":{"UniqueId":"82070d57-7c6f-4ea4-9251-8731cdefdb25-0004c102","Properties":{"Element Category":"Skelettbau","Startverlängerung":"0","Endverlängerung":"0","yz-Ausrichtung":"Einheitlich","y-Ausrichtung":"Ursprung","y-Versatzwert":"0","z-Ausrichtung":"Ursprung","z-Versatzwert":"0","Referenzebene":"Level 0","Startebenenversatz":"59","Endebenenversatz":"59","Querschnittdrehung":"0.00°","Phase erstellt":"New Construction","Phase abgebrochen":"Keine","Schnittlänge":"1080","Tragwerksverwendung":"Sonstige","Berechnungsmodell aktivieren":"Ja","Betonüberdeckung - Obere Fläche":"Rebar Cover 1 <25 mm>","Betonüberdeckung - Untere Fläche":"Rebar Cover 1 <25 mm>","Betonüberdeckung - Andere Flächen":"Rebar Cover 1 <25 mm>","Tragendes Material":"Beams Dome","Länge":"1080","Volumen":"0.00 m³","Höhe oben":"92","Höhe unten":"26","Bild":"<Keine Auswahl>","Type Querschnittsform":"Nicht definiert","Type Depth":"66","Type Width":"49","Type Typenbild":"<Keine Auswahl>","Type Kosten":"0.00","Type OmniClass-Nummer":"23.25.30.11.14.14","Type OmniClass-Titel":"Beams"}}},{"name":"FamilySymbol Skelettbau <311511 49 * 66 mm>","mesh":2,"matrix":[-0.99395079581007117,0.10982629698085125,-3.9178017137273906E-17,0.0,-0.10982629698085125,-0.99395079581007117,7.7037197775489434E-34,0.0,-3.8941021311854009E-17,4.3027765452391251E-18,1.0,0.0,286.0,2769.0,59.0,1.0]},{"name":"FamilyInstance Skelettbau beam_test_01 <311556 49 * 66 mm>","children":[50],"extras":{"UniqueId":"82070d57-7c6f-4ea4-9251-8731cdefdb25-0004c104","Properties":{"Element Category":"Skelettbau","Startverlängerung":"0","Endverlängerung":"0","yz-Ausrichtung":"Einheitlich","y-Ausrichtung":"Ursprung","y-Versatzwert":"0","z-Ausrichtung":"Ursprung","z-Versatzwert":"0","Referenzebene":"Level 0","Startebenenversatz":"108","Endebenenversatz":"1004","Querschnittdrehung":"0.00°","Phase erstellt":"New Construction","Phase abgebrochen":"Keine","Schnittlänge":"1041","Tragwerksverwendung":"Sonstige","Berechnungsmodell aktivieren":"Ja","Betonüberdeckung - Obere Fläche":"Rebar Cover 1 <25 mm>","Betonüberdeckung - Untere Fläche":"Rebar Cover 1 <25 mm>","Betonüberdeckung - Andere Flächen":"Rebar Cover 1 <25 mm>","Tragendes Material":"Beams Dome","Länge":"1041","Volumen":"0.00 m³","Höhe oben":"0","Höhe unten":"0","Bild":"<Keine Auswahl>","Type Querschnittsform":"Nicht definiert","Type Depth":"66","Type Width":"49","Type Typenbild":"<Keine Auswahl>","Type Kosten":"0.00","Type OmniClass-Nummer":"23.25.30.11.14.14","Type OmniClass-Titel":"Beams"}}},{"name":"FamilySymbol Skelettbau <311516 49 * 66 mm>","mesh":3,"matrix":[0.46750776622360463,-0.19931015204809133,0.86122700364722782,0.0,0.39217261605497672,0.91989164536732038,2.7755575615628914E-17,0.0,-0.79223552541981568,0.3377496470375223,0.50822047202844733,0.0,1148.0,2589.0,556.0,1.0]},{"name":"FamilyInstance Skelettbau beam_test_01 <311558 49 * 66 mm>","children":[52],"extras":{"UniqueId":"82070d57-7c6f-4ea4-9251-8731cdefdb25-0004c106","Properties":{"Element Category":"Skelettbau","Startverlängerung":"0","Endverlängerung":"0","yz-Ausrichtung":"Einheitlich","y-Ausrichtung":"Ursprung","y-Versatzwert":"0","z-Ausrichtung":"Ursprung","z-Versatzwert":"0","Referenzebene":"Level 0","Startebenenversatz":"108","Endebenenversatz":"1004","Querschnittdrehung":"0.00°","Phase erstellt":"New Construction","Phase abgebrochen":"Keine","Schnittlänge":"1041","Tragwerksverwendung":"Sonstige","Berechnungsmodell aktivieren":"Ja","Betonüberdeckung - Obere Fläche":"Rebar Cover 1 <25 mm>","Betonüberdeckung - Untere Fläche":"Rebar Cover 1 <25 mm>","Betonüberdeckung - Andere Flächen":"Rebar Cover 1 <25 mm>","Tragendes Material":"Beams Dome","Länge":"1041","Volumen":"0.00 m³","Höhe oben":"0","Höhe unten":"0","Bild":"<Keine Auswahl>","Type Querschnittsform":"Nicht definiert","Type Depth":"66","Type Width":"49","Type Typenbild":"<Keine Auswahl>","Type Kosten":"0.00","Type OmniClass-Nummer":"23.25.30.11.14.14","Type OmniClass-Titel":"Beams"}}},{"name":"FamilySymbol Skelettbau <311516 49 * 66 mm>","mesh":3,"matrix":[-0.49537329588319717,0.11354887016010562,0.8612270036472276,0.0,-0.22342443173707829,-0.97472125415575273,0.0,0.0,0.83945626510782678,-0.19241915388650851,0.50822047202844767,0.0,593.0,2769.0,556.0,1.0]},{"name":"FamilyInstance Skelettbau beam_test_01 <311560 49 * 66 mm>","children":[54],"extras":{"UniqueId":"82070d57-7c6f-4ea4-9251-8731cdefdb25-0004c108","Properties":{"Element Category":"Skelettbau","Startverlängerung":"0","Endverlängerung":"0","yz-Ausrichtung":"Einheitlich","y-Ausrichtung":"Ursprung","y-Versatzwert":"0","z-Ausrichtung":"Ursprung","z-Versatzwert":"0","Referenzebene":"Level 0","Startebenenversatz":"1053","Endebenenversatz":"1053","Querschnittdrehung":"0.00°","Phase erstellt":"New Construction","Phase abgebrochen":"Keine","Schnittlänge":"1055","Tragwerksverwendung":"Sonstige","Berechnungsmodell aktivieren":"Ja","Betonüberdeckung - Obere Fläche":"Rebar Cover 1 <25 mm>","Betonüberdeckung - Untere Fläche":"Rebar Cover 1 <25 mm>","Betonüberdeckung - Andere Flächen":"Rebar Cover 1 <25 mm>","Tragendes Material":"Beams Dome","Länge":"1055","Volumen":"0.00 m³","Höhe oben":"1086","Höhe unten":"1020","Bild":"<Keine Auswahl>","Type Querschnittsform":"Nicht definiert","Type Depth":"66","Type Width":"49","Type Typenbild":"<Keine Auswahl>","Type Kosten":"0.00","Type OmniClass-Nummer":"23.25.30.11.14.14","Type OmniClass-Titel":"Beams"}}},{"name":"FamilySymbol Skelettbau <311521 49 * 66 mm>","mesh":4,"matrix":[-0.9510565162951502,0.30901699437495805,-2.5654815941469305E-16,0.0,-0.30901699437495805,-0.9510565162951502,2.4651903288156619E-32,0.0,-2.4399179875487074E-16,7.9277741134756041E-17,1.0,0.0,863.0,2654.0,1053.0,1.0]},{"name":"FamilyInstance Skelettbau beam_test_01 <311562 49 * 66 mm>","children":[56],"extras":{"UniqueId":"82070d57-7c6f-4ea4-9251-8731cdefdb25-0004c10a","Properties":{"Element Category":"Skelettbau","Startverlängerung":"0","Endverlängerung":"0","yz-Ausrichtung":"Einheitlich","y-Ausrichtung":"Ursprung","y-Versatzwert":"0","z-Ausrichtung":"Ursprung","z-Versatzwert":"0","Referenzebene":"Level 0","Startebenenversatz":"1807","Endebenenversatz":"1097","Querschnittdrehung":"0.00°","Phase erstellt":"New Construction","Phase abgebrochen":"Keine","Schnittlänge":"898","Tragwerksverwendung":"Sonstige","